%YAML:1.0
---
K: !!opencv-matrix
   rows: 3
   cols: 3
   dt: d
   data: [ 883.6355290807121, 0., 323.73457490922863, 0.,
       885.83235895293387, 195.0428919575368, 0., 0., 1. ]
D: !!opencv-matrix
   rows: 1
   cols: 5
   dt: d
   data: [ 0.06884370623524072, 0.47452716977945647,
       -0.0043084130373353992, -0.0016907303931451706,
       -2.1714444464688998 ]
